C:\Users\ma1008\Documents\Audio Precision\ATS 1.60\Quick Launch\A-A FFT.ats2, 12/19/14 16:18:49
FFT.Frequency,     FFT.ChA Amplitude, ,FFT.ChB Amplitude, ,,,,
Source 1,          Data 1,            ,Data 3,            ,,,,
Hz,                dBV,               ,dBV,               ,,,,
1,                 -95.1076357613,    ,-67.7021713143,    ,,,,
1.01993346587,     -95.1076357613,    ,-67.7021713143,    ,,,,
1.04026427399,     -95.1076357613,    ,-67.7021713143,    ,,,,
1.06100034621,     -95.1076357613,    ,-67.7021713143,    ,,,,
1.0821497608,      -95.1076357613,    ,-67.7021713143,    ,,,,
1.10372075625,     -95.1076357613,    ,-67.7021713143,    ,,,,
1.12572173588,     -95.1076357613,    ,-67.7021713143,    ,,,,
1.14816127159,     -95.1076357613,    ,-67.7021713143,    ,,,,
1.17104810476,     -95.1076357613,    ,-67.7021713143,    ,,,,
1.19439115189,     -95.1076357613,    ,-67.7021713143,    ,,,,
1.21819950733,     -95.1076357613,    ,-67.7021713143,    ,,,,
1.2424824452,      -95.1076357613,    ,-67.7021713143,    ,,,,
1.2672494268,      -95.1076357613,    ,-67.7021713143,    ,,,,
1.29251009971,     -95.1076357613,    ,-67.7021713143,    ,,,,
1.3182743052,      -95.1076357613,    ,-67.7021713143,    ,,,,
1.34455208108,     -95.1076357613,    ,-67.7021713143,    ,,,,
1.37135366444,     -95.1076357613,    ,-67.7021713143,    ,,,,
1.3986894954,      -95.1076357613,    ,-67.7021713143,    ,,,,
1.42657022458,     -95.1076357613,    ,-67.7021713143,    ,,,,
1.45500671305,     -95.1076357613,    ,-67.7021713143,    ,,,,
1.48401003983,     -95.1076357613,    ,-67.7021713143,    ,,,,
1.51359150372,     -95.1076357613,    ,-67.7021713143,    ,,,,
1.54376262799,     -95.1076357613,    ,-67.7021713143,    ,,,,
1.57453516684,     -95.1076357613,    ,-67.7021713143,    ,,,,
1.60592111014,     -95.1076357613,    ,-67.7021713143,    ,,,,
1.63793268334,     -95.1076357613,    ,-67.7021713143,    ,,,,
1.67058235873,     -95.1076357613,    ,-67.7021713143,    ,,,,
1.70388285443,     -95.1076357613,    ,-67.7021713143,    ,,,,
1.73784714565,     -95.1076357613,    ,-67.7021713143,    ,,,,
1.77248846181,     -95.1076357613,    ,-67.7021713143,    ,,,,
1.80782029964,     -95.1076357613,    ,-67.7021713143,    ,,,,
1.84385642409,     -95.1076357613,    ,-67.7021713143,    ,,,,
1.88061087299,     -95.1076357613,    ,-67.7021713143,    ,,,,
1.91809796542,     -95.1076357613,    ,-67.7021713143,    ,,,,
1.95633230545,     -95.1076357613,    ,-67.7021713143,    ,,,,
1.99532878865,     -95.1076357613,    ,-67.7021713143,    ,,,,
2.03510260675,     -94.476415728,     ,-68.2289057719,    ,,,,
2.07566925418,     -94.476415728,     ,-68.2289057719,    ,,,,
2.1170445364,      -94.476415728,     ,-68.2289057719,    ,,,,
2.15924457181,     -94.476415728,     ,-68.2289057719,    ,,,,
2.2022857992,      -94.476415728,     ,-68.2289057719,    ,,,,
2.24618498795,     -94.476415728,     ,-68.2289057719,    ,,,,
2.29095923901,     -94.476415728,     ,-68.2289057719,    ,,,,
2.33662599698,     -94.476415728,     ,-68.2289057719,    ,,,,
2.38320305105,     -94.476415728,     ,-68.2289057719,    ,,,,
2.43070854712,     -94.476415728,     ,-68.2289057719,    ,,,,
2.47916099336,     -94.476415728,     ,-68.2289057719,    ,,,,
2.52857926395,     -94.476415728,     ,-68.2289057719,    ,,,,
2.57898261212,     -94.476415728,     ,-68.2289057719,    ,,,,
2.63039067388,     -94.476415728,     ,-68.2289057719,    ,,,,
2.68282347638,     -94.476415728,     ,-68.2289057719,    ,,,,
2.73630144633,     -94.476415728,     ,-68.2289057719,    ,,,,
2.79084541742,     -94.476415728,     ,-68.2289057719,    ,,,,
2.84647663869,     -94.476415728,     ,-68.2289057719,    ,,,,
2.90321678296,     -94.476415728,     ,-68.2289057719,    ,,,,
2.96108795516,     -94.476415728,     ,-68.2289057719,    ,,,,
3.02011270076,     -94.476415728,     ,-68.2289057719,    ,,,,
3.08031401411,     -94.476415728,     ,-68.2289057719,    ,,,,
3.14171534777,     -94.476415728,     ,-68.2289057719,    ,,,,
3.20434062369,     -94.476415728,     ,-68.2289057719,    ,,,,
3.26821423694,     -94.476415728,     ,-68.2289057719,    ,,,,
3.33336107433,     -94.476415728,     ,-68.2289057719,    ,,,,
3.39980651252,     -94.476415728,     ,-68.2289057719,    ,,,,
3.46757643949,     -94.476415728,     ,-68.2289057719,    ,,,,
3.53669725545,     -94.476415728,     ,-68.2289057719,    ,,,,
3.60719588958,     -94.476415728,     ,-68.2289057719,    ,,,,
3.67909980472,     -94.476415728,     ,-68.2289057719,    ,,,,
3.75243701506,     -94.476415728,     ,-68.2289057719,    ,,,,
3.82723608986,     -94.476415728,     ,-68.2289057719,    ,,,,
3.90352616925,     -94.476415728,     ,-68.2289057719,    ,,,,
3.98133697454,     -94.476415728,     ,-68.2289057719,    ,,,,
4.06069881842,     -94.476415728,     ,-68.2289057719,    ,,,,
4.14164261986,     -94.476415728,     ,-68.2289057719,    ,,,,
4.22419991065,     -94.476415728,     ,-68.2289057719,    ,,,,
4.30840285495,     -94.476415728,     ,-68.2289057719,    ,,,,
4.3942842558,      -94.476415728,     ,-68.2289057719,    ,,,,
4.48187757097,     -94.476415728,     ,-68.2289057719,    ,,,,
4.57121692412,     -94.476415728,     ,-68.2289057719,    ,,,,
4.66233711969,     -94.476415728,     ,-68.2289057719,    ,,,,
4.75527365692,     -94.476415728,     ,-68.2289057719,    ,,,,
4.8500627419,      -94.476415728,     ,-68.2289057719,    ,,,,
4.94674130157,     -94.476415728,     ,-68.2289057719,    ,,,,
5.04534699954,     -94.476415728,     ,-68.2289057719,    ,,,,
5.14591825102,     -94.476415728,     ,-68.2289057719,    ,,,,
5.24849423673,     -94.476415728,     ,-68.2289057719,    ,,,,
5.35311491694,     -94.476415728,     ,-68.2289057719,    ,,,,
5.45982105006,     -94.476415728,     ,-68.2289057719,    ,,,,
5.56865420565,     -94.476415728,     ,-68.2289057719,    ,,,,
5.67965678312,     -94.476415728,     ,-68.2289057719,    ,,,,
5.79287202749,     -94.476415728,     ,-68.2289057719,    ,,,,
5.90834404342,     -94.476415728,     ,-68.2289057719,    ,,,,
6.0261178175,      -94.284027761,     ,-70.2707039942,    ,,,,
6.14623923041,     -94.284027761,     ,-70.2707039942,    ,,,,
6.26875508018,     -94.284027761,     ,-70.2707039942,    ,,,,
6.39371309429,     -94.284027761,     ,-70.2707039942,    ,,,,
6.52116195578,     -94.284027761,     ,-70.2707039942,    ,,,,
6.65115131438,     -94.284027761,     ,-70.2707039942,    ,,,,
6.78373181075,     -94.284027761,     ,-70.2707039942,    ,,,,
6.91895509697,     -94.284027761,     ,-70.2707039942,    ,,,,
7.05687385146,     -94.284027761,     ,-70.2707039942,    ,,,,
7.19754180498,     -94.284027761,     ,-70.2707039942,    ,,,,
7.34101375751,     -94.284027761,     ,-70.2707039942,    ,,,,
7.48734560423,     -94.284027761,     ,-70.2707039942,    ,,,,
7.63659435138,     -94.284027761,     ,-70.2707039942,    ,,,,
7.78881814331,     -94.284027761,     ,-70.2707039942,    ,,,,
7.9440762829,      -94.284027761,     ,-70.2707039942,    ,,,,
8.10242925584,     -94.284027761,     ,-70.2707039942,    ,,,,
8.263938752,       -94.284027761,     ,-70.2707039942,    ,,,,
8.42866769154,     -94.284027761,     ,-70.2707039942,    ,,,,
8.59668025095,     -94.284027761,     ,-70.2707039942,    ,,,,
8.76804188173,     -94.284027761,     ,-70.2707039942,    ,,,,
8.94281934481,     -94.284027761,     ,-70.2707039942,    ,,,,
9.12108072732,     -94.284027761,     ,-70.2707039942,    ,,,,
9.30289547797,     -94.284027761,     ,-70.2707039942,    ,,,,
9.48833442666,     -94.284027761,     ,-70.2707039942,    ,,,,
9.67746981606,     -94.284027761,     ,-70.2707039942,    ,,,,
9.8703753287,      -94.284027761,     ,-70.2707039942,    ,,,,
10.0671261176,     -95.5656107748,    ,-73.591132884,     ,,,,
10.2677988317,     -95.5656107748,    ,-73.591132884,     ,,,,
10.4724716479,     -95.5656107748,    ,-73.591132884,     ,,,,
10.6812243024,     -95.5656107748,    ,-73.591132884,     ,,,,
10.894138122,      -95.5656107748,    ,-73.591132884,     ,,,,
11.1112960512,     -95.5656107748,    ,-73.591132884,     ,,,,
11.3327826904,     -95.5656107748,    ,-73.591132884,     ,,,,
11.5586843258,     -95.5656107748,    ,-73.591132884,     ,,,,
11.7890889645,     -95.5656107748,    ,-73.591132884,     ,,,,
12.0240863655,     -95.5656107748,    ,-73.591132884,     ,,,,
12.2637680788,     -95.5656107748,    ,-73.591132884,     ,,,,
12.5082274796,     -95.5656107748,    ,-73.591132884,     ,,,,
12.7575598042,     -95.5656107748,    ,-73.591132884,     ,,,,
13.0118621858,     -95.5656107748,    ,-73.591132884,     ,,,,
13.2712336946,     -95.5656107748,    ,-73.591132884,     ,,,,
13.5357753774,     -95.5656107748,    ,-73.591132884,     ,,,,
13.8055902924,     -95.5656107748,    ,-73.591132884,     ,,,,
14.0807835534,     -97.7092684981,    ,-76.598840996,     ,,,,
14.3614623705,     -97.7092684981,    ,-76.598840996,     ,,,,
14.6477360884,     -97.7092684981,    ,-76.598840996,     ,,,,
14.9397162348,     -97.7092684981,    ,-76.598840996,     ,,,,
15.2375165569,     -97.7092684981,    ,-76.598840996,     ,,,,
15.5412530713,     -97.7092684981,    ,-76.598840996,     ,,,,
15.8510441072,     -97.7092684981,    ,-76.598840996,     ,,,,
16.167010352,      -97.7092684981,    ,-76.598840996,     ,,,,
16.4892748985,     -97.7092684981,    ,-76.598840996,     ,,,,
16.8179632956,     -97.7092684981,    ,-76.598840996,     ,,,,
17.1532035908,     -97.7092684981,    ,-76.598840996,     ,,,,
17.4951263871,     -97.7092684981,    ,-76.598840996,     ,,,,
17.8438648898,     -97.7092684981,    ,-76.598840996,     ,,,,
18.1995549602,     -99.306999939,     ,-79.1578234301,    ,,,,
18.5623351652,     -99.306999939,     ,-79.1578234301,    ,,,,
18.9323468376,     -99.306999939,     ,-79.1578234301,    ,,,,
19.3097341247,     -99.306999939,     ,-79.1578234301,    ,,,,
19.6946440488,     -99.306999939,     ,-79.1578234301,    ,,,,
20.0872265622,     -99.306999939,     ,-79.1578234301,    ,,,,
20.4876346048,     -99.306999939,     ,-79.1578234301,    ,,,,
20.8960241675,     -99.306999939,     ,-79.1578234301,    ,,,,
21.3125543492,     -99.306999939,     ,-79.1578234301,    ,,,,
21.7373874215,     -99.306999939,     ,-79.1578234301,    ,,,,
22.1706888899,     -98.708496924,     ,-81.3835633722,    ,,,,
22.6126275575,     -98.708496924,     ,-81.3835633722,    ,,,,
23.0633755941,     -98.708496924,     ,-81.3835633722,    ,,,,
23.5231086025,     -98.708496924,     ,-81.3835633722,    ,,,,
23.9920056816,     -98.708496924,     ,-81.3835633722,    ,,,,
24.4702495057,     -98.708496924,     ,-81.3835633722,    ,,,,
24.9580263859,     -98.708496924,     ,-81.3835633722,    ,,,,
25.4555263501,     -98.708496924,     ,-81.3835633722,    ,,,,
25.9629432131,     -98.708496924,     ,-81.3835633722,    ,,,,
26.4804746527,     -97.4618083091,    ,-83.2503081137,    ,,,,
27.0083222874,     -97.4618083091,    ,-83.2503081137,    ,,,,
27.5466917548,     -97.4618083091,    ,-83.2503081137,    ,,,,
28.0957927918,     -97.4618083091,    ,-83.2503081137,    ,,,,
28.6558393147,     -97.4618083091,    ,-83.2503081137,    ,,,,
29.2270495072,     -97.4618083091,    ,-83.2503081137,    ,,,,
29.8096458977,     -97.4618083091,    ,-83.2503081137,    ,,,,
30.4038554532,     -96.7230637143,    ,-84.8800671189,    ,,,,
31.0099096643,     -96.7230637143,    ,-84.8800671189,    ,,,,
31.6280446369,     -96.7230637143,    ,-84.8800671189,    ,,,,
32.2585011814,     -96.7230637143,    ,-84.8800671189,    ,,,,
32.9015249098,     -96.7230637143,    ,-84.8800671189,    ,,,,
33.5573663302,     -96.7230637143,    ,-84.8800671189,    ,,,,
34.2262809426,     -97.1538426282,    ,-86.1556481425,    ,,,,
34.9085293422,     -97.1538426282,    ,-86.1556481425,    ,,,,
35.6043773163,     -97.1538426282,    ,-86.1556481425,    ,,,,
36.3140959525,     -97.1538426282,    ,-86.1556481425,    ,,,,
37.03796174,       -97.1538426282,    ,-86.1556481425,    ,,,,
37.7762566824,     -97.1538426282,    ,-86.1556481425,    ,,,,
38.5292684017,     -99.0709192296,    ,-87.1786753254,    ,,,,
39.2972902535,     -99.0709192296,    ,-87.1786753254,    ,,,,
40.0806214428,     -99.0709192296,    ,-87.1786753254,    ,,,,
40.8795671379,     -99.0709192296,    ,-87.1786753254,    ,,,,
41.6944385897,     -99.0709192296,    ,-87.1786753254,    ,,,,
42.5255532535,     -100.946514794,    ,-87.6694951899,    ,,,,
43.3732349128,     -100.946514794,    ,-87.6694951899,    ,,,,
44.2378138062,     -100.946514794,    ,-87.6694951899,    ,,,,
45.119626753,      -100.946514794,    ,-87.6694951899,    ,,,,
46.0190172875,     -100.092992022,    ,-87.4990211396,    ,,,,
46.9363357928,     -100.092992022,    ,-87.4990211396,    ,,,,
47.8719396349,     -100.092992022,    ,-87.4990211396,    ,,,,
48.8261933038,     -100.092992022,    ,-87.4990211396,    ,,,,
49.7994685564,     -100.092992022,    ,-87.4990211396,    ,,,,
50.7921445575,     -99.5542456366,    ,-88.2417467299,    ,,,,
51.8046080321,     -99.5542456366,    ,-88.2417467299,    ,,,,
52.8372534122,     -99.5542456366,    ,-88.2417467299,    ,,,,
53.8904829938,     -99.5542456366,    ,-88.2417467299,    ,,,,
54.9647070905,     -100.74465066,     ,-89.7098268629,    ,,,,
56.0603441978,     -100.74465066,     ,-89.7098268629,    ,,,,
57.1778211491,     -100.74465066,     ,-89.7098268629,    ,,,,
58.3175732885,     -102.51462254,     ,-90.0228169256,    ,,,,
59.4800446387,     -102.51462254,     ,-90.0228169256,    ,,,,
60.6656880714,     -102.51462254,     ,-90.0228169256,    ,,,,
61.874965487,      -102.51462254,     ,-90.0228169256,    ,,,,
63.1083479933,     -103.757098171,    ,-90.4009773506,    ,,,,
64.3663160866,     -103.757098171,    ,-90.4009773506,    ,,,,
65.6493598437,     -103.757098171,    ,-90.4009773506,    ,,,,
66.9579791101,     -103.746513366,    ,-90.7965130633,    ,,,,
68.2926836945,     -103.746513366,    ,-90.7965130633,    ,,,,
69.6539935656,     -103.746513366,    ,-90.7965130633,    ,,,,
71.0424390612,     -103.031195579,    ,-90.6636729249,    ,,,,
72.458561088,      -103.031195579,    ,-90.6636729249,    ,,,,
73.9029113334,     -103.031195579,    ,-90.6636729249,    ,,,,
75.3760524858,     -102.860847821,    ,-90.8129635415,    ,,,,
76.8785584476,     -102.860847821,    ,-90.8129635415,    ,,,,
78.4110145597,     -103.23706352,     ,-91.6451376784,    ,,,,
79.9740178324,     -103.23706352,     ,-91.6451376784,    ,,,,
81.5681771785,     -103.23706352,     ,-91.6451376784,    ,,,,
83.1941136448,     -102.296761381,    ,-92.6759611671,    ,,,,
84.852460661,      -102.296761381,    ,-92.6759611671,    ,,,,
86.5438642791,     -100.924192083,    ,-93.4355149265,    ,,,,
88.2689834349,     -100.924192083,    ,-93.4355149265,    ,,,,
90.0284901932,     -101.01756279,     ,-94.3194498553,    ,,,,
91.8230700195,     -101.01756279,     ,-94.3194498553,    ,,,,
93.6534220409,     -101.01756279,     ,-94.3194498553,    ,,,,
95.5202593226,     -102.045153618,    ,-95.127744112,     ,,,,
97.4243091401,     -102.045153618,    ,-95.127744112,     ,,,,
99.3663132703,     -102.657617977,    ,-95.4390214128,    ,,,,
101.347028273,     -102.657617977,    ,-95.4390214128,    ,,,,
103.367225791,     -102.21338499,     ,-95.4931845865,    ,,,,
105.427692846,     -102.21338499,     ,-95.4931845865,    ,,,,
107.529232152,     -101.790559621,    ,-95.8101683124,    ,,,,
109.672662418,     -101.790559621,    ,-95.8101683124,    ,,,,
111.858818679,     -102.852970257,    ,-96.3243383997,    ,,,,
114.088552611,     -104.870911649,    ,-96.6949132852,    ,,,,
116.362732867,     -104.870911649,    ,-96.6949132852,    ,,,,
118.682245418,     -105.081336327,    ,-96.5769572023,    ,,,,
121.047993893,     -105.081336327,    ,-96.5769572023,    ,,,,
123.460899934,     -103.924093386,    ,-95.8189401527,    ,,,,
125.921903555,     -103.924093386,    ,-95.8189401527,    ,,,,
128.431963507,     -102.802848845,    ,-95.2643749041,    ,,,,
130.992057654,     -102.183584958,    ,-95.4267001356,    ,,,,
133.60318335,      -102.183584958,    ,-95.4267001356,    ,,,,
136.26635783,      -102.295120296,    ,-96.0120251237,    ,,,,
138.982618607,     -102.244622308,    ,-96.8381783609,    ,,,,
141.753023876,     -102.244622308,    ,-96.8381783609,    ,,,,
144.578652923,     -99.4022749573,    ,-96.1896822876,    ,,,,
147.46060655,      -96.4895869532,    ,-93.8838970928,    ,,,,
150.4000075,       -96.1215532744,    ,-93.3362465359,    ,,,,
153.3980009,       -96.1215532744,    ,-93.3362465359,    ,,,,
156.455754698,     -98.1440550702,    ,-94.4730205287,    ,,,,
159.574460126,     -100.359128113,    ,-95.0227554172,    ,,,,
162.755332163,     -101.394758895,    ,-95.2605246285,    ,,,,
165.999610003,     -101.394758895,    ,-95.2605246285,    ,,,,
169.308557545,     -102.997650212,    ,-96.2531400411,    ,,,,
172.683463878,     -104.695894721,    ,-97.5301447111,    ,,,,
176.125643793,     -105.214653275,    ,-98.2588636166,    ,,,,
179.636438281,     -104.489887906,    ,-98.2679603119,    ,,,,
183.217215072,     -103.861428303,    ,-98.0565295639,    ,,,,
186.869369155,     -103.751451337,    ,-97.9691519562,    ,,,,
190.594323326,     -103.136970468,    ,-97.4987427948,    ,,,,
194.393528743,     -101.624998887,    ,-96.8293485283,    ,,,,
198.268465491,     -100.630843844,    ,-96.80322983,      ,,,,
202.220643158,     -100.586250009,    ,-97.5946803765,    ,,,,
206.251601424,     -100.726077076,    ,-99.365359524,     ,,,,
210.362910658,     -100.869584433,    ,-100.359605609,    ,,,,
214.556172534,     -101.713207335,    ,-99.6995130579,    ,,,,
218.833020652,     -102.987870305,    ,-98.6006852487,    ,,,,
223.195121175,     -103.453978995,    ,-97.7508082356,    ,,,,
227.64417348,      -102.875348475,    ,-97.4870713246,    ,,,,
232.181910817,     -101.827869807,    ,-98.0124119984,    ,,,,
236.810100985,     -101.274092238,    ,-98.9915225081,    ,,,,
241.530547023,     -101.605548688,    ,-98.8746270582,    ,,,,
246.345087911,     -98.1236364779,    ,-97.5138703685,    ,,,,
251.255599285,     -97.1477372504,    ,-99.09586093,      ,,,,
256.263994169,     -98.3139645465,    ,-100.699966794,    ,,,,
261.372223722,     -100.419259869,    ,-99.2494500574,    ,,,,
266.582277993,     -101.309244245,    ,-98.321136417,     ,,,,
271.896186702,     -100.936685733,    ,-98.7459892482,    ,,,,
277.316020029,     -100.79948063,     ,-98.1297293127,    ,,,,
282.843889418,     -99.9016653833,    ,-97.3895095705,    ,,,,
288.481948402,     -100.051991077,    ,-98.3521568089,    ,,,,
294.232393441,     -100.273840052,    ,-97.0574840523,    ,,,,
300.09746478,      -100.892147832,    ,-96.0000204453,    ,,,,
306.079447318,     -102.459946882,    ,-95.9525263216,    ,,,,
312.180671499,     -106.646764789,    ,-96.9728460141,    ,,,,
318.403514224,     -105.062750068,    ,-98.0120475695,    ,,,,
324.750399771,     -103.956544494,    ,-100.205902545,    ,,,,
331.223800744,     -104.038480181,    ,-99.8720453743,    ,,,,
337.826239034,     -104.084366765,    ,-99.2777557359,    ,,,,
344.560286801,     -101.995940009,    ,-99.056420035,     ,,,,
351.428567478,     -100.173008281,    ,-97.9692426132,    ,,,,
358.433756794,     -101.135020303,    ,-98.1996403509,    ,,,,
365.57858381,      -105.142406016,    ,-99.8417387197,    ,,,,
372.865831993,     -104.663308856,    ,-101.005595296,    ,,,,
380.298340285,     -104.238785826,    ,-99.3595058889,    ,,,,
387.879004229,     -103.614412022,    ,-98.3242523635,    ,,,,
395.610777076,     -103.564200424,    ,-98.3300150879,    ,,,,
403.496670954,     -103.412484323,    ,-99.2582791045,    ,,,,
411.539758028,     -103.369076573,    ,-99.5074763086,    ,,,,
419.743171701,     -102.241953126,    ,-100.463727286,    ,,,,
428.11010784,      -102.583204096,    ,-99.2103529276,    ,,,,
436.643826014,     -102.765604158,    ,-99.3581228786,    ,,,,
445.347650767,     -96.383880265,     ,-99.4387037184,    ,,,,
454.224972914,     -92.9095437056,    ,-99.4084784769,    ,,,,
463.279250856,     -104.152268752,    ,-99.6666043919,    ,,,,
472.514011939,     -104.338998997,    ,-100.129768428,    ,,,,
481.932853815,     -102.766549081,    ,-99.7366571774,    ,,,,
491.539445853,     -101.758175628,    ,-99.8275793219,    ,,,,
501.337530565,     -103.59273349,     ,-99.6247106872,    ,,,,
511.330925061,     -101.410642838,    ,-99.4345173595,    ,,,,
521.523522547,     -101.93304169,     ,-100.377411058,    ,,,,
531.919293824,     -103.319084492,    ,-100.105851856,    ,,,,
542.522288851,     -100.948047598,    ,-99.1790347094,    ,,,,
553.336638318,     -95.9930855453,    ,-99.9993784015,    ,,,,
564.366555249,     -97.6304414788,    ,-103.192040121,    ,,,,
575.616336652,     -101.412731448,    ,-99.3798509278,    ,,,,
587.090365187,     -101.146252678,    ,-100.841525454,    ,,,,
598.793110877,     -103.018215822,    ,-99.766375768,     ,,,,
610.729132848,     -102.914028859,    ,-99.3419686156,    ,,,,
622.903081103,     -102.02886275,     ,-102.698854155,    ,,,,
635.319698339,     -102.672094593,    ,-101.256999633,    ,,,,
647.983821791,     -97.0473686231,    ,-97.8832729248,    ,,,,
660.900385113,     -97.1107020667,    ,-97.4205183497,    ,,,,
674.074420307,     -102.264816018,    ,-99.935592245,     ,,,,
687.511059681,     -103.257204626,    ,-99.8034716135,    ,,,,
701.215537845,     -101.988376757,    ,-99.9656582904,    ,,,,
715.193193756,     -101.790489243,    ,-100.267931846,    ,,,,
729.449472792,     -102.564872928,    ,-101.275286002,    ,,,,
743.989928879,     -97.2428562825,    ,-99.1120805046,    ,,,,
758.820226649,     -92.6130029366,    ,-96.7043127518,    ,,,,
773.946143651,     -102.727577698,    ,-98.8959841625,    ,,,,
789.373572603,     -101.685280757,    ,-100.580370405,    ,,,,
805.108523681,     -102.179462316,    ,-101.205264761,    ,,,,
821.157126867,     -102.411054015,    ,-101.492405095,    ,,,,
837.525634335,     -102.343288101,    ,-100.892528617,    ,,,,
854.220422886,     -95.5769606095,    ,-98.8201629741,    ,,,,
871.247996434,     -100.31732973,     ,-99.403771953,     ,,,,
888.614988536,     -100.958529005,    ,-102.484077647,    ,,,,
906.32816498,      -101.823064804,    ,-99.9230953772,    ,,,,
924.394426419,     -102.866342473,    ,-100.301069682,    ,,,,
942.820811063,     -100.426474862,    ,-100.144196626,    ,,,,
961.614497414,     -98.8449955534,    ,-100.608702582,    ,,,,
980.782807069,     -101.805069682,    ,-98.901129802,     ,,,,
1000.33320757,     -80.1438006942,    ,-81.6174895355,    ,,,,
1020.2733153,      -82.0536804848,    ,-83.6697025056,    ,,,,
1040.6108985,      -103.655750893,    ,-99.1465831087,    ,,,,
1061.35388021,     -94.7968570348,    ,-98.7076085692,    ,,,,
1082.51034143,     -101.470467674,    ,-101.458943879,    ,,,,
1104.08852425,     -102.263924128,    ,-100.451533342,    ,,,,
1126.09683504,     -102.471509104,    ,-102.162697449,    ,,,,
1148.54384774,     -98.5164704812,    ,-98.8320697473,    ,,,,
1171.4383072,      -97.3774757293,    ,-98.8010861601,    ,,,,
1194.78913258,     -94.5413001481,    ,-98.8765389974,    ,,,,
1218.60542084,     -93.1481245155,    ,-97.7268831899,    ,,,,
1242.89645027,     -99.6160493009,    ,-100.860347826,    ,,,,
1267.67168409,     -98.6466284793,    ,-99.6766404653,    ,,,,
1292.9407742,      -101.311908036,    ,-100.911970806,    ,,,,
1318.71356485,     -100.092644723,    ,-100.204377995,    ,,,,
1345.00009653,     -101.456031458,    ,-99.9641753267,    ,,,,
1371.8106099,      -100.099245779,    ,-99.5178718292,    ,,,,
1399.15554971,     -102.722405146,    ,-100.102026673,    ,,,,
1427.04556895,     -101.778533246,    ,-102.005818164,    ,,,,
1455.49153293,     -100.113855414,    ,-99.6569101947,    ,,,,
1484.50452356,     -102.822165256,    ,-99.9556247072,    ,,,,
1514.09584364,     -100.446347052,    ,-100.223747938,    ,,,,
1544.27702129,     -102.399873902,    ,-99.6838161954,    ,,,,
1575.05981442,     -101.284974817,    ,-99.5965653685,    ,,,,
1606.45621529,     -101.982115048,    ,-101.958763454,    ,,,,
1638.47845524,     -102.517759469,    ,-99.5883689157,    ,,,,
1671.13900942,     -102.755216784,    ,-99.1353780512,    ,,,,
1704.45060164,     -102.429517573,    ,-100.291707268,    ,,,,
1738.42620934,     -101.441889628,    ,-99.9923950244,    ,,,,
1773.07906865,     -101.471213858,    ,-99.9830163718,    ,,,,
1808.42267955,     -101.830909637,    ,-99.3967169455,    ,,,,
1844.4708111,      -100.720102088,    ,-102.007333327,    ,,,,
1881.23750686,     -101.475013608,    ,-101.328041417,    ,,,,
1918.73709028,     -102.374620589,    ,-101.682013437,    ,,,,
1956.98417036,     -101.401485833,    ,-101.329709798,    ,,,,
1995.9936473,      -101.302189148,    ,-99.8535558757,    ,,,,
2035.78071832,     -100.778534294,    ,-100.930946621,    ,,,,
2076.36088356,     -100.814185758,    ,-98.4475165507,    ,,,,
2117.74995212,     -101.235846127,    ,-100.757263432,    ,,,,
2159.96404827,     -101.233337566,    ,-101.107653297,    ,,,,
2203.01961766,     -101.440740347,    ,-101.968743069,    ,,,,
2246.93343377,     -101.760068979,    ,-99.8898957299,    ,,,,
2291.72260443,     -100.649584965,    ,-101.126409949,    ,,,,
2337.40457848,     -101.392338472,    ,-100.152701867,    ,,,,
2383.99715261,     -100.695002294,    ,-99.9824448301,    ,,,,
2431.51847821,     -95.3158534063,    ,-99.9889626352,    ,,,,
2479.98706853,     -100.967230507,    ,-100.446226478,    ,,,,
2529.42180583,     -101.524835251,    ,-100.547005636,    ,,,,
2579.84194878,     -101.851155155,    ,-99.4285097038,    ,,,,
2631.26713992,     -102.391121158,    ,-100.079110883,    ,,,,
2683.71741335,     -101.283646943,    ,-100.631459686,    ,,,,
2737.21320251,     -102.35469597,     ,-100.991204683,    ,,,,
2791.77534815,     -102.187488546,    ,-100.237391499,    ,,,,
2847.42510645,     -102.280513391,    ,-100.458895954,    ,,,,
2904.1841573,      -102.368074258,    ,-99.9734194601,    ,,,,
2962.07461274,     -102.47135687,     ,-100.536399781,    ,,,,
3021.1190256,      -99.038048054,     ,-100.559090142,    ,,,,
3081.34039824,     -101.388238738,    ,-100.264270775,    ,,,,
3142.76219155,     -101.508877564,    ,-100.428399873,    ,,,,
3205.40833408,     -100.406287964,    ,-100.991718223,    ,,,,
3269.30323134,     -101.30571598,     ,-97.0216437306,    ,,,,
3334.47177534,     -101.216324894,    ,-101.631215577,    ,,,,
3400.93935429,     -100.757888302,    ,-100.134071108,    ,,,,
3468.73186245,     -100.560311734,    ,-99.9721635065,    ,,,,
3537.87571024,     -101.280129059,    ,-99.1729928584,    ,,,,
3608.39783456,     -97.9360348921,    ,-101.214085397,    ,,,,
3680.32570923,     -101.397449045,    ,-100.200743609,    ,,,,
3753.68735572,     -101.907895205,    ,-99.4965527684,    ,,,,
3828.51135408,     -102.132631273,    ,-99.8493899003,    ,,,,
3904.82685405,     -100.523616833,    ,-101.483229463,    ,,,,
3982.66358643,     -101.733739381,    ,-100.807395682,    ,,,,
4062.05187465,     -101.01601767,     ,-99.0901860694,    ,,,,
4143.02264659,     -101.327374154,    ,-101.4096324,      ,,,,
4225.60744664,     -101.59040496,     ,-100.775277727,    ,,,,
4309.83844797,     -101.150435877,    ,-100.453705267,    ,,,,
4395.74846509,     -100.92406469,     ,-100.359844366,    ,,,,
4483.37096659,     -102.104857686,    ,-100.271239946,    ,,,,
4572.74008822,     -98.609171326,     ,-99.1766383001,    ,,,,
4663.89064618,     -102.40840877,     ,-99.6582314938,    ,,,,
4756.85815066,     -101.485879206,    ,-100.051530195,    ,,,,
4851.67881971,     -101.190277072,    ,-97.6303542899,    ,,,,
4948.38959332,     -100.965694314,    ,-100.153051576,    ,,,,
5047.02814783,     -90.390514797,     ,-96.821957465,     ,,,,
5147.63291058,     -101.357719656,    ,-100.608334038,    ,,,,
5250.24307492,     -100.514740714,    ,-100.199337158,    ,,,,
5354.89861547,     -101.340328205,    ,-100.709655739,    ,,,,
5461.64030364,     -100.887706577,    ,-99.0424578899,    ,,,,
5570.50972361,     -101.860018562,    ,-98.9601691467,    ,,,,
5681.54928842,     -100.932349165,    ,-99.6991811405,    ,,,,
5794.8022566,      -100.312935329,    ,-98.7463858098,    ,,,,
5910.31274894,     -101.178987659,    ,-97.9833058957,    ,,,,
6028.12576573,     -99.3931915894,    ,-96.0958680226,    ,,,,
6148.28720425,     -100.371910178,    ,-91.877047231,     ,,,,
6270.84387669,     -95.6793641836,    ,-81.2791071479,    ,,,,
6395.84352837,     -93.435622511,     ,-79.0762931613,    ,,,,
6523.33485632,     -100.293602638,    ,-92.115965846,     ,,,,
6653.36752829,     -101.471620895,    ,-95.6845196759,    ,,,,
6785.99220208,     -100.740533622,    ,-97.7323510057,    ,,,,
6921.26054525,     -100.841777833,    ,-99.2579636268,    ,,,,
7059.22525532,     -100.601702932,    ,-98.8470012778,    ,,,,
7199.94008021,     -100.441525375,    ,-98.8040797461,    ,,,,
7343.45983924,     -101.560470632,    ,-99.3309329842,    ,,,,
7489.84044447,     -102.001923243,    ,-99.70548974,      ,,,,
7639.13892249,     -101.217906063,    ,-100.426234266,    ,,,,
7791.4134366,      -101.289092517,    ,-100.141984298,    ,,,,
7946.72330953,     -101.587173129,    ,-99.5325116122,    ,,,,
8105.12904649,     -98.9590514743,    ,-100.455877735,    ,,,,
8266.69235878,     -100.885677045,    ,-100.368444021,    ,,,,
8431.47618782,     -101.636122996,    ,-100.281290118,    ,,,,
8599.54472968,     -101.243243995,    ,-100.698601274,    ,,,,
8770.96346007,     -101.545747331,    ,-100.485986093,    ,,,,
8945.79915984,     -101.390321968,    ,-100.359008743,    ,,,,
9124.11994105,     -99.8865035993,    ,-100.673439674,    ,,,,
9305.99527345,     -100.828537818,    ,-100.038175256,    ,,,,
9491.49601155,     -101.309444001,    ,-99.7978747464,    ,,,,
9680.69442227,     -100.67715355,     ,-100.289220222,    ,,,,
9873.66421302,     -101.282186516,    ,-101.108434016,    ,,,,
10070.4805605,     -87.3259698013,    ,-95.070674473,     ,,,,
10271.2201399,     -101.226607643,    ,-100.531040827,    ,,,,
10475.9611548,     -100.423347629,    ,-99.4066597449,    ,,,,
10684.7833678,     -101.162473808,    ,-100.119311338,    ,,,,
10897.7681311,     -101.241393937,    ,-99.3847579088,    ,,,,
11114.998419,      -100.81733111,     ,-99.451167392,     ,,,,
11336.5588593,     -100.606123107,    ,-96.4687390669,    ,,,,
11562.5357671,     -100.727197844,    ,-100.706797619,    ,,,,
11793.0171779,     -100.647733713,    ,-99.7831163221,    ,,,,
12028.092882,      -98.9041580733,    ,-100.00659664,     ,,,,
12267.8544595,     -100.430325311,    ,-98.8639681664,    ,,,,
12512.3953163,     -101.384812577,    ,-93.3009002378,    ,,,,
12761.8107199,     -95.5390482955,    ,-81.2469981806,    ,,,,
13016.1978368,     -100.66366739,     ,-95.649397586,     ,,,,
13275.6557707,     -98.9501152685,    ,-99.7504464248,    ,,,,
13540.2856004,     -100.707046114,    ,-99.6339297466,    ,,,,
13810.1904197,     -100.923045608,    ,-100.158532184,    ,,,,
14085.4753775,     -99.1826826882,    ,-101.03057845,     ,,,,
14366.2477186,     -99.8160216981,    ,-100.41060978,     ,,,,
14652.6168255,     -101.087768634,    ,-100.030700852,    ,,,,
14944.6942613,     -97.5507681915,    ,-100.177566239,    ,,,,
15242.5938126,     -87.3608612953,    ,-96.0671263381,    ,,,,
15546.4315343,     -100.099361632,    ,-100.330288335,    ,,,,
15856.325795,      -101.087509005,    ,-101.459485832,    ,,,,
16172.3973222,     -100.987354099,    ,-100.908409503,    ,,,,
16494.7692504,     -101.108824402,    ,-100.328384943,    ,,,,
16823.5671684,     -101.538155756,    ,-100.503810024,    ,,,,
17158.9191684,     -100.962750704,    ,-100.843292263,    ,,,,
17500.9558961,     -101.824689728,    ,-101.01473028,     ,,,,
17849.8106011,     -101.406736464,    ,-100.530432064,    ,,,,
18205.6191895,     -100.133024314,    ,-100.78154144,     ,,,,
18568.5202762,     -100.237273791,    ,-99.9751324169,    ,,,,
18938.6552392,     -96.0261482302,    ,-83.8520897209,    ,,,,
19316.1682749,     -99.275964168,     ,-86.5311610503,    ,,,,
19701.2064537,     -100.557990855,    ,-100.317448528,    ,,,,
20093.9197779,     -88.7091929933,    ,-97.6944118787,    ,,,,
20494.4612397,     -99.5465238302,    ,-100.284248265,    ,,,,
20902.986881,      -100.823373381,    ,-99.2153743384,    ,,,,
21319.6558542,     -100.637620503,    ,-100.563733108,    ,,,,
21744.6304841,     -100.84442826,     ,-101.126149162,    ,,,,
22178.0763312,     -100.842156416,    ,-100.97799147,     ,,,,
22620.1622563,     -101.947361965,    ,-101.890079598,    ,,,,
23071.060486,      -102.675055151,    ,-101.188175605,    ,,,,
23530.9466802,     -105.401410684,    ,-103.723711699,    ,,,,
24000,             -107.6587973,      ,-106.081583073,    ,,,,

